1
1
2
2
3
3
4
4
5
5
6
6
8
13
16
20
26
32
40
46
52
58
64
72
84
96
100
110
128
135
145
155
165
176
185
195
205
225
245
265
285
300
320
340
360
380
400
420
440
460
480
500
512
530
550
570
600
620
640
660
680
700
720
740
760
780
800
820
840
860
880
900
920
940
960
980
1000
980
960
940
920
900
880
860
840
820
800
680
660
640
620
600
580
560
540
520
500
480
460
440
420
400
380
370
350
330
300
280
260
240
230
220
200
180
160
140
130
100
90
80
70
60
50
45
40
35
30
25
20
15
10
9
8
5
3
2
1
1
1
2
2
3
3
4
4
5
5
6
6
8
13
16
20
26
32
40
46
52
58
64
72
84
96
100
110
128
135
145
155
165
176
185
195
205
225
245
265
285
300
320
340
360
380
400
420
440
460
480
500
512
530
550
570
600
620
640
660
680
700
720
740
760
780
800
820
840
860
880
900
920
940
960
980
1000
980
960
940
920
900
880
860
840
820
800
680
660
640
620
600
580
560
540
520
500
480
460
440
420
400
380
370
350
330
300
280
260
240
230
220
200
180
160
140
130
100
90
80
70
60
50
45
40
35
30
25
20
15
10
9
8
5
3
2
1
1
1
2
2
3
3
4
4
5
5
6
6
8
13
16
20
26
32
40
46
52
58
64
72
84
96
100
110
128
135
145
155
165
176
185
195
205
225
245
265
285
300
320
340
360
380
400
420
440
460
480
500
512
530
550
570
600
620
640
660
680
700
720
740
760
780
800
820
840
860
880
900
920
940
960
980
1000
980
960
940
920
900
880
860
840
820
800
680
660
640
620
600
580
560
540
520
500
480
460
440
420
400
380
370
350
330
300
280
260
240
230
220
200
180
160
140
130
100
90
80
70
60
50
45
40
35
30
25
20
15
10
9
8
5
3
2
1
1
1
2
2
3
3
4
4
5
5
6
6
8
13
16
20
26
32
40
46
52
58
64
72
84
96
100
110
128
135
145
155
165
176
185
195
205
225
245
265
285
300
320
340
360
380
400
420
440
460
480
500
512
530
550
570
600
620
640
660
680
700
720
740
760
780
800
820
840
860
880
900
920
940
960
980
1000
980
960
940
920
900
880
860
840
820
800
680
660
640
620
600
580
560
540
520
500
480
460
440
420
400
380
370
350
330
300
280
260
240
230
220
200
180
160
140
130
100
90
80
70
60
50
45
40
35
30
25
20
15
10
9
8
5
3
2
1
1
1
2
2
3
3
4
4
5
5
6
6
8
13
16
20
26
32
40
46
52
58
64
72
84
96
100
110
128
135
145
155
165
176
185
195
205
225
245
265
285
300
320
340
360
380
400
420
440
460
480
500
512
530
550
570
600
620
640
660
680
700
720
740
760
780
800
820
840
860
880
900
920
940
960
980
1000
980
960
940
920
900
880
860
840
820
800
680
660
640
620
600
580
560
540
520
500
480
460
440
420
400
380
370
350
330
300
280
260
240
230
220
200
180
160
140
130
100
90
80
70
60
50
45
40
35
30
25
20
15
10
9
8
5
3
2
1
1
1
2
2
3
3
4
4
5
5
6
6
8
13
16
20
26
32
40
46
52
58
64
72
84
96
100
110
128
135
145
155
165
176
185
195
205
225
245
265
285
300
320
340
360
380
400
420
440
460
480
500
512
530
550
570
600
620
640
660
680
700
720
740
760
780
800
820
840
860
880
900
920
940
960
980
1000
980
960
940
920
900
880
860
840
820
800
680
660
640
620
600
580
560
540
520
500
480
460
440
420
400
380
370
350
330
300
280
260
240
230
220
200
180
160
140
130
100
90
80
70
60
50
45
40
35
30
25
20
15
10
9
8
5
3
2
1
1
1
2
2
3
3
4
4
5
5
6
6
8
13
16
20
26
32
40
46
52
58
64
72
84
96
100
110
128
135
145
155
165
176
185
195
205
225
245
265
285
300
320
340
360
380
400
420
440
460
480
500
512
530
550
570
600
620
640
660
680
700
720
740
760
780
800
820
840
860
880
900
920
940
960
980
1000
980
960
940
920
900
880
860
840
820
800
680
660
640
620
600
580
560
540
520
500
480
460
440
420
400
380
370
350
330
300
280
260
240
230
220
200
180
160
140
130
100
90
80
70
60
50
45
40
35
30
25
20
15
10
9
8
5
3
2
1
1
1
2
2
3
3
4
4
5
5
6
6
8
13
16
20
26
32
40
46
52
58
64
72
84
96
100
110
128
135
145
155
165
176
185
195
205
225
245
265
285
300
320
340
360
380
400
420
440
460
480
500
512
530
550
570
600
620
640
660
680
700
720
740
760
780
800
820
840
860
880
900
920
940
960
980
1000
980
960
940
920
900
880
860
840
820
800
680
660
640
620
600
580
560
540
520
500
480
460
440
420
400
380
370
350
330
300
280
260
240
230
220
200
180
160
140
130
100
90
80
70
60
50
45
40
35
30
25
20
15
10
9
8
5
3
2
1
1
1
2
2
3
3
4
4
5
5
6
6
8
13
16
20
26
32
40
46
52
58
64
72
84
96
100
110
128
135
145
155
165
176
185
195
205
225
245
265
285
300
320
340
360
380
400
420
440
460
480
500
512
530
550
570
600
620
640
660
680
700
720
740
760
780
800
820
840
860
880
900
920
940
960
980
1000
980
960
940
920
900
880
860
840
820
800
680
660
640
620
600
580
560
540
520
500
480
460
440
420
400
380
370
350
330
300
280
260
240
230
220
200
180
160
140
130
100
90
80
70
60
50
45
40
35
30
25
20
15
10
9
8
5
3
2
1
1
1
2
2
3
3
4
4
5
5
6
6
8
13
16
20
26
32
40
46
52
58
64
72
84
96
100
110
128
135
145
155
165
176
185
195
205
225
245
265
285
300
320
340
360
380
400
420
440
460
480
500
512
530
550
570
600
620
640
660
680
700
720
740
760
780
800
820
840
860
880
900
920
940
960
980
1000
980
960
940
920
900
880
860
840
820
800
680
660
640
620
600
580
560
540
520
500
480
460
440
420
400
380
370
350
330
300
280
260
240
230
220
200
180
160
140
130
100
90
80
70
60
50
45
40
35
30
25
20
15
10
9
8
5
3
2
1
1
1
2
2
3
3
4
4
5
5
6
6
8
13
16
20
26
32
40
46
52
58
64
72
84
96
100
110
128
135
145
155
165
176
185
195
205
225
245
265
285
300
320
340
360
380
400
420
440
460
480
500
512
530
550
570
600
620
640
660
680
700
720
740
760
780
800
820
840
860
880
900
920
940
960
980
1000
980
960
940
920
900
880
860
840
820
800
680
660
640
620
600
580
560
540
520
500
480
460
440
420
400
380
370
350
330
300
280
260
240
230
220
200
180
160
140
130
100
90
80
70
60
50
45
40
35
30
25
20
15
10
9
8
5
3
2
1
1
1
2
2
3
3
4
4
5
5
6
6
8
13
16
20
26
32
40
46
52
58
64
72
84
96
100
110
128
135
145
155
165
176
185
195
205
225
245
265
285
300
320
340
360
380
400
420
440
460
480
500
512
530
550
570
600
620
640
660
680
700
720
740
760
780
800
820
840
860
880
900
920
940
960
980
1000
980
960
940
920
900
880
860
840
820
800
680
660
640
620
600
580
560
540
520
500
480
460
440
420
400
380
370
350
330
300
280
260
240
230
220
200
180
160
140
130
100
90
80
70
60
50
45
40
35
30
25
20
15
10
9
8
5
3
2
1
1
1
2
2
3
3
4
4
5
5
6
6
8
13
16
20
26
32
40
46
52
58
64
72
84
96
100
110
128
135
145
155
165
176
185
195
205
225
245
265
285
300
320
340
360
380
400
420
440
460
480
500
512
530
550
570
600
620
640
660
680
700
720
740
760
780
800
820
840
860
880
900
920
940
960
980
1000
980
960
940
920
900
880
860
840
820
800
680
660
640
620
600
580
560
540
520
500
480
460
440
420
400
380
370
350
330
300
280
260
240
230
220
200
180
160
140
130
100
90
80
70
60
50
45
40
35
30
25
20
15
10
9
8
5
3
2
1
1
1
2
2
3
3
4
4
5
5
6
6
8
13
16
20
26
32
40
46
52
58
64
72
84
96
100
110
128
135
145
155
165
176
185
195
205
225
245
265
285
300
320
340
360
380
400
420
440
460
480
500
512
530
550
570
600
620
640
660
680
700
720
740
760
780
800
820
840
860
880
900
920
940
960
980
1000
980
960
940
920
900
880
860
840
820
800
680
660
640
620
600
580
560
540
520
500
480
460
440
420
400
380
370
350
330
300
280
260
240
230
220
200
180
160
140
130
100
90
80
70
60
50
45
40
35
30
25
20
15
10
9
8
5
3
2
1
1
1
2
2
3
3
4
4
5
5
6
6
8
13
16
20
26
32
40
46
52
58
64
72
84
96
100
110
128
135
145
155
165
176
185
195
205
225
245
265
285
300
320
340
360
380
400
420
440
460
480
500
512
530
550
570
600
620
640
660
680
700
720
740
760
780
800
820
840
860
880
900
920
940
960
980
1000
980
960
940
920
900
880
860
840
820
800
680
660
640
620
600
580
560
540
520
500
480
460
440
420
400
380
370
350
330
300
280
260
240
230
220
200
180
160
140
130
100
90
80
70
60
50
45
40
35
30
25
20
15
10
9
8
5
3
2
1
1
1
2
2
3
3
4
4
5
5
6
6
8
13
16
20
26
32
40
46
52
58
64
72
84
96
100
110
128
135
145
155
165
176
185
195
205
225
245
265
285
300
320
340
360
380
400
420
440
460
480
500
512
530
550
570
600
620
640
660
680
700
720
740
760
780
800
820
840
860
880
900
920
940
960
980
1000
980
960
940
920
900
880
860
840
820
800
680
660
640
620
600
580
560
540
520
500
480
460
440
420
400
380
370
350
330
300
280
260
240
230
220
200
180
160
140
130
100
90
80
70
60
50
45
40
35
30
25
20
15
10
9
8
5
3
2
1
1
1
2
2
3
3
4
4
5
5
6
6
8
13
16
20
26
32
40
46
52
58
64
72
84
96
100
110
128
135
145
155
165
176
185
195
205
225
245
265
285
300
320
340
360
380
400
420
440
460
480
500
512
530
550
570
600
620
640
660
680
700
720
740
760
780
800
820
840
860
880
900
920
940
960
980
1000
980
960
940
920
900
880
860
840
820
800
680
660
640
620
600
580
560
540
520
500
480
460
440
420
400
380
370
350
330
300
280
260
240
230
220
200
180
160
140
130
100
90
80
70
60
50
45
40
35
30
25
20
15
10
9
8
5
3
2
1
1
1
2
2
3
3
4
4
5
5
6
6
8
13
16
20
26
32
40
46
52
58
64
72
84
96
100
110
128
135
145
155
165
176
185
195
205
225
245
265
285
300
320
340
360
380
400
420
440
460
480
500
512
530
550
570
600
620
640
660
680
700
720
740
760
780
800
820
840
860
880
900
920
940
960
980
1000
980
960
940
920
900
880
860
840
820
800
680
660
640
620
600
580
560
540
520
500
480
460
440
420
400
380
370
350
330
300
280
260
240
230
220
200
180
160
140
130
100
90
80
70
60
50
45
40
35
30
25
20
15
10
9
8
5
3
2
1
1
1
2
2
3
3
4
4
5
5
6
6
8
13
16
20
26
32
40
46
52
58
64
72
84
96
100
110
128
135
145
155
165
176
185
195
205
225
245
265
285
300
320
340
360
380
400
420
440
460
480
500
512
530
550
570
600
620
640
660
680
700
720
740
760
780
800
820
840
860
880
900
920
940
960
980
1000
980
960
940
920
900
880
860
840
820
800
680
660
640
620
600
580
560
540
520
500
480
460
440
420
400
380
370
350
330
300
280
260
240
230
220
200
180
160
140
130
100
90
80
70
60
50
45
40
35
30
25
20
15
10
9
8
5
3
2
1
1
1
2
2
3
3
4
4
5
5
6
6
8
13
16
20
26
32
40
46
52
58
64
72
84
96
100
110
128
135
145
155
165
176
185
195
205
225
245
265
285
300
320
340
360
380
400
420
440
460
480
500
512
530
550
570
600
620
640
660
680
700
720
740
760
780
800
820
840
860
880
900
920
940
960
980
1000
980
960
940
920
900
880
860
840
820
800
680
660
640
620
600
580
560
540
520
500
480
460
440
420
400
380
370
350
330
300
280
260
240
230
220
200
180
160
140
130
100
90
80
70
60
50
45
40
35
30
25
20
15
10
9
8
5
3
2
1
1
1
2
2
3
3
4
4
5
5
6
6
8
13
16
20
26
32
40
46
52
58
64
72
84
96
100
110
128
135
145
155
165
176
185
195
205
225
245
265
285
300
320
340
360
380
400
420
440
460
480
500
512
530
550
570
600
620
640
660
680
700
720
740
760
780
800
820
840
860
880
900
920
940
960
980
1000
980
960
940
920
900
880
860
840
820
800
680
660
640
620
600
580
560
540
520
500
480
460
440
420
400
380
370
350
330
300
280
260
240
230
220
200
180
160
140
130
100
90
80
70
60
50
45
40
35
30
25
20
15
10
9
8
5
3
2
1
1
1
2
2
3
3
4
4
5
5
6
6
8
13
16
20
26
32
40
46
52
58
64
72
84
96
100
110
128
135
145
155
165
176
185
195
205
225
245
265
285
300
320
340
360
380
400
420
440
460
480
500
512
530
550
570
600
620
640
660
680
700
720
740
760
780
800
820
840
860
880
900
920
940
960
980
1000
980
960
940
920
900
880
860
840
820
800
680
660
640
620
600
580
560
540
520
500
480
460
440
420
400
380
370
350
330
300
280
260
240
230
220
200
180
160
140
130
100
90
80
70
60
50
45
40
35
30
25
20
15
10
9
8
5
3
2
1
1
1
2
2
3
3
4
4
5
5
6
6
8
13
16
20
26
32
40
46
52
58
64
72
84
96
100
110
128
135
145
155
165
176
185
195
205
225
245
265
285
300
320
340
360
380
400
420
440
460
480
500
512
530
550
570
600
620
640
660
680
700
720
740
760
780
800
820
840
860
880
900
920
940
960
980
1000
980
960
940
920
900
880
860
840
820
800
680
660
640
620
600
580
560
540
520
500
480
460
440
420
400
380
370
350
330
300
280
260
240
230
220
200
180
160
140
130
100
90
80
70
60
50
45
40
35
30
25
20
15
10
9
8
5
3
2
1
1
1
2
2
3
3
4
4
5
5
6
6
8
13
16
20
26
32
40
46
52
58
64
72
84
96
100
110
128
135
145
155
165
176
185
195
205
225
245
265
285
300
320
340
360
380
400
420
440
460
480
500
512
530
550
570
600
620
640
660
680
700
720
740
760
780
800
820
840
860
880
900
920
940
960
980
1000
980
960
940
920
900
880
860
840
820
800
680
660
640
620
600
580
560
540
520
500
480
460
440
420
400
380
370
350
330
300
280
260
240
230
220
200
180
160
140
130
100
90
80
70
60
50
45
40
35
30
25
20
15
10
9
8
5
3
2
1

